6 350.0
0 147.0
14 2723.0
1 874.0
1 1982.0
18 17.0
17 2052.0
8 33.0
16 2279.0
1 646.0
6 278.0
12 892.0
16 2497.0
6 332.0
18 82.0
13 1185.0
7 765.0
9 1459.0
1 1334.0
14 538.0
0 9.0
10 2498.0
18 0.0
1 1589.0
4 2003.0
13 10.0
12 11.0
5 2072.0
17 861.0
4 818.0
7 2374.0
14 32.0
1 1925.0
17 1042.0
2 411.0
5 711.0
10 2205.0
13 822.0
12 908.0
0 161.0
6 214.0
0 44.0
14 2270.0
8 1567.0
12 1046.0
18 673.0
8 2273.0
13 104.0
14 1299.0
4 1140.0
2 1129.0
6 522.0
13 95.0
9 407.0
16 1090.0
14 2504.0
12 233.0
15 803.0
2 1714.0
17 1330.0
17 429.0
16 292.0
9 1650.0
1 1712.0
12 1079.0
7 1174.0
6 772.0
14 1060.0
18 12.0
10 2068.0
0 32.0
16 1980.0
17 921.0
9 1258.0
5 1814.0
0 90.0
2 877.0
4 1499.0
12 21.0
5 1699.0
7 1519.0
15 942.0
6 442.0
16 1184.0
10 898.0
5 2802.0
4 369.0
18 27.0
16 1497.0
7 1451.0
9 1059.0
18 89.0
2 856.0
5 1164.0
7 1882.0
13 194.0
17 963.0
15 2367.0
3 114.0
4 652.0
15 1745.0
7 1081.0
1 1265.0
3 5.0
6 450.0
12 1762.0
8 1155.0
11 533.0
14 1947.0
9 1306.0
4 204.0
11 638.0
8 1859.0
3 10.0
10 386.0
15 1841.0
3 126.0
8 1624.0
13 220.0
4 2126.0
2 1931.0
9 1660.0
0 92.0
3 411.0
11 96.0
8 1623.0
18 0.0
15 2377.0
13 456.0
5 2074.0
11 687.0
9 879.0
2 946.0
5 2688.0
3 40.0
10 422.0
7 866.0
10 1716.0
11 217.0
17 1297.0
15 658.0
11 788.0
16 901.0
10 1748.0
0 239.0
8 2288.0
3 802.0
11 762.0
3 65.0
15 1871.0
11 531.0
2 1628.0
1 1530.0
15 776.0
14 476.0
17 1301.0
14 2797.0
15 79.0
6 1000.0
18 210.0
18 375.0
14 3554.0
7 93.0
0 69.0
18 30.0
14 2881.0
4 884.0
13 301.0
6 360.0
16 1410.0
15 663.0
8 1655.0
9 2167.0
12 658.0
13 1001.0
0 270.0
0 119.0
6 174.0
4 1578.0
5 2225.0
1 1474.0
16 1843.0
0 16.0
8 759.0
8 1886.0
16 1731.0
13 122.0
2 357.0
3 1198.0
0 988.0
12 1898.0
18 2.0
13 874.0
12 935.0
0 163.0
10 2124.0
9 1530.0
8 682.0
7 570.0
1 1314.0
14 1220.0
1 1441.0
6 136.0
8 1299.0
7 1639.0
17 1460.0
10 989.0
0 8.0
4 1563.0
13 60.0
2 1296.0
15 1177.0
1 1459.0
6 89.0
7 699.0
5 1849.0
12 204.0
17 645.0
10 1892.0
5 1355.0
1 1515.0
12 376.0
5 1544.0
10 645.0
3 1323.0
6 654.0
2 1044.0
18 112.0
15 1609.0
5 1155.0
10 354.0
16 978.0
6 273.0
10 1736.0
17 1577.0
7 506.0
17 1809.0
3 101.0
14 2181.0
18 0.0
16 2611.0
3 78.0
18 291.0
12 1116.0
18 0.0
17 952.0
16 382.0
10 2757.0
3 188.0
0 166.0
5 3172.0
13 570.0
5 1800.0
14 2026.0
3 42.0
13 228.0
9 940.0
12 547.0
16 885.0
10 1724.0
3 131.0
4 1673.0
17 1057.0
7 1235.0
11 506.0
15 1949.0
4 581.0
9 1060.0
8 1823.0
9 1212.0
4 776.0
16 285.0
4 1964.0
7 1134.0
9 870.0
3 128.0
1 895.0
11 1221.0
2 968.0
6 478.0
5 1570.0
9 641.0
11 3.0
14 1882.0
1 1823.0
11 75.0
15 944.0
2 1254.0
2 1571.0
15 1963.0
12 159.0
11 400.0
11 611.0
8 1448.0
7 1125.0
4 912.0
17 1583.0
2 1490.0
11 217.0
9 764.0
2 1550.0
8 2171.0
13 81.0
11 294.0
